0	6958	9501171
1	8610	8001018
2	4537	9001120
3	5650	9001120
4	6643	9001120
5	59628	18502089
6	53150	18002038
7	62142	18002038
8	43280	21002344
9	57751	19002140
10	196766	27002956
11	242026	28503109
12	182819	43004588
13	161426	38504129
14	175634	36503925
15	418005	51005404
16	337981	62006526
17	548088	45504843
18	481598	46504945
19	407204	54505761
20	899600	86509025
21	556923	82508617
22	540317	59006220
23	744524	84508821
24	585418	57006016
25	8	17001936
26	923	17501987
27	27	15001732
28	1222	18502089
29	50	12001426
30	26052	21002344
31	36470	19502191
32	42255	23502599
33	23741	39504231
34	21616	20002242
35	115201	42004486
36	185122	51505455
37	100475	42004486
38	154890	55005812
39	147388	64506781
40	467761	79508311
41	431375	85508923
42	326240	98010198
43	362636	81008464
44	308412	77008056
45	829936	62506577
46	623533	64006730
47	750038	69507291
48	656944	80508413
49	599608	75007852
50	0	18502089
51	0	14001630
52	0	11501375
53	0	14501681
54	0	14501681
55	14290	30503313
56	19360	32503517
57	23346	51005404
58	10879	30003262
59	22521	41004384
60	94503	62006526
61	99849	76007954
62	100302	78508209
63	106713	56005914
64	61926	59006220
65	246522	84008770
66	407778	95009892
67	402680	83508719
68	312136	82008566
69	229625	75007852
70	642394	59506271
71	612726	76508005
72	623442	84008770
73	584969	74507801
74	575601	79508311
75	0	22502497
76	0	13501579
77	0	23502599
78	0	20502293
79	0	20002242
80	2167	68007138
81	1721	78008158
82	5791	64006730
83	136	62006526
84	2651	69507291
85	90306	100010402
86	86282	105010912
87	60569	95509943
88	58784	77008056
89	78987	88509229
90	249839	80508413
91	320530	74507801
92	328336	75507903
93	279938	77008056
94	321402	101010504
95	497797	76007954
96	637299	79508311
97	681721	64506781
98	623554	69507291
99	451379	66506985
100	0	22502497
101	0	23502599
102	0	23002548
103	0	24002650
104	0	27002956
105	0	57006016
106	2059	86509025
107	0	79008260
108	232	83508719
109	0	95009892
110	174084	95509943
111	179056	91509535
112	101519	78508209
113	177763	92009586
114	74452	77508107
115	375219	90509433
116	328220	108011218
117	250323	91509535
118	300675	82008566
119	268356	105010912
120	477692	87509127
121	570963	66506985
122	399958	91009484
123	432859	93009688
124	567633	111011524
