0	5988	3500559
1	6170	4000610
2	4267	4000610
3	5184	4500661
4	5539	4000610
5	58258	12501477
6	51293	11001324
7	59476	11001324
8	41005	14501681
9	53486	11001324
10	183012	16501885
11	235141	30503313
12	180956	23002548
13	158072	20502293
14	174070	21002344
15	408703	39004180
16	336368	25502803
17	549280	27503007
18	478778	27503007
19	407531	26002854
20	899112	41004384
21	557088	50005302
22	540046	43004588
23	744312	58006118
24	585354	58006118
25	8	500253
26	823	1000304
27	27	500253
28	480	1000304
29	50	500253
30	24202	7000916
31	25469	8501069
32	32964	9001120
33	24109	8001018
34	19539	6000814
35	109430	20002242
36	182482	18002038
37	92645	14501681
38	153129	20002242
39	138070	14001630
40	464184	52005506
41	426758	29003160
42	323395	27503007
43	364545	27002956
44	310264	32503517
45	831597	48505149
46	623925	43004588
47	749411	49505251
48	657547	47004996
49	600444	47004996
50	0	500253
51	0	500253
52	0	500253
53	0	500253
54	0	500253
55	9253	4500661
56	12127	4000610
57	18611	5000712
58	7965	3500559
59	20344	4000610
60	91088	12501477
61	91288	12001426
62	100538	12001426
63	100849	14001630
64	56538	12001426
65	249713	38504129
66	411960	34503721
67	406589	36503925
68	311991	22002446
69	227504	22002446
70	642250	43004588
71	611651	48005098
72	624264	40004282
73	586107	49005200
74	576231	48505149
75	0	500253
76	0	500253
77	0	500253
78	0	500253
79	0	500253
80	1400	1500355
81	317	1000304
82	1207	1500355
83	136	500253
84	284	500253
85	74416	10001222
86	88629	10501273
87	68523	12001426
88	57742	10501273
89	81185	11501375
90	254979	28503109
91	320802	34503721
92	332240	56505965
93	295433	29503211
94	326877	32503517
95	498358	36003874
96	638825	38504129
97	680338	49505251
98	623211	41004384
99	452162	43504639
100	0	500253
101	0	500253
102	0	500253
103	0	500253
104	0	500253
105	0	500253
106	1198	1500355
107	0	500253
108	232	500253
109	0	500253
110	169089	38504129
111	185943	23502599
112	98003	31503415
113	177123	47505047
114	74534	34503721
115	377330	43004588
116	332774	37003976
117	254030	50505353
118	301556	48005098
119	274123	45504843
120	474484	43504639
121	571228	46004894
122	401586	35503823
123	434411	37003976
124	564894	36003874
