0	8926	283002
1	10958	303202
2	9661	313302
3	8738	202202
4	14151	262802
5	79470	2454502
6	101110	2848402
7	116180	2303002
8	76176	2363602
9	84103	2575702
10	246664	7948902
11	284398	9312402
12	273508	9009402
13	238511	7474202
14	255745	7534802
15	448250	14645202
16	373826	15675402
17	615041	16624802
18	525591	15766302
19	473074	14170502
20	900990	21412202
21	558325	17735802
22	540555	18796302
23	745038	15362302
24	585439	15715802
25	8	10302
26	1591	70902
27	27	10302
28	1110	30502
29	50	10302
30	53543	1272802
31	50565	1969702
32	67416	1989902
33	37651	1495002
34	36266	1515202
35	158855	5201702
36	238660	8322602
37	144687	6757102
38	212231	7383302
39	208847	6868202
40	516416	13857402
41	482459	14049302
42	498091	12079802
43	422330	13362502
44	400734	13211002
45	835790	17261102
46	625157	15725902
47	778416	15867302
48	662692	17028802
49	602570	17301502
50	0	10302
51	0	10302
52	0	10302
53	0	10302
54	0	10302
55	18740	717302
56	20107	596102
57	33381	1434402
58	20238	565802
59	37278	828402
60	154758	8433702
61	179140	6565202
62	194645	5504702
63	157036	5413802
64	125745	4323002
65	284481	13079702
66	508437	13988702
67	452212	13190802
68	505590	12261602
69	306112	10069902
70	660154	14625002
71	642887	14806802
72	625048	12312102
73	594082	14362402
74	592962	13716002
75	0	10302
76	0	10302
77	0	10302
78	0	10302
79	0	10302
80	2199	60802
81	584	91102
82	1653	111302
83	136	10302
84	284	10302
85	138144	4444202
86	203922	4737102
87	108477	3818002
88	106766	3737202
89	138558	5302702
90	385998	8605402
91	387514	9938602
92	400528	10433502
93	383755	9282102
94	445733	10605202
95	567594	11504102
96	654742	13079702
97	704126	11817202
98	633463	11423302
99	487449	14645202
100	0	10302
101	0	10302
102	0	10302
103	0	10302
104	0	10302
105	0	10302
106	2328	50702
107	0	10302
108	232	10302
109	0	10302
110	265968	6231902
111	269479	6262202
112	166766	4676502
113	233451	5686502
114	111106	3535202
115	396406	10645602
116	391951	8241802
117	365321	8908402
118	425423	8544802
119	346114	10120402
120	544075	12352502
121	592402	11645502
122	420584	11382902
123	495909	13221102
124	589359	15018902
