0	76790	3191802
1	54325	4767402
2	42575	2535302
3	50005	1737402
4	53843	2747402
5	205682	5524902
6	178847	7403502
7	148716	10342602
8	158973	7110602
9	151280	5524902
10	325649	16301602
11	429954	13079702
12	324686	14372502
13	293258	16321802
14	283921	14382602
15	602077	23644302
16	424225	26502602
17	658608	24502802
18	620610	22593902
19	545228	25411802
20	919844	34431102
21	569242	35279502
22	563223	35208802
23	765565	36521802
24	614237	36602602
25	109159	3060502
26	84626	4444202
27	65002	3454402
28	95963	4646202
29	100526	3888702
30	154087	9342702
31	222347	8140802
32	188469	10322402
33	242044	9938602
34	192495	8837702
35	296442	15877402
36	423228	13584702
37	380186	14352302
38	372757	15927902
39	336523	15089602
40	805702	24240202
41	639124	24694702
42	488310	26452102
43	500970	26704602
44	507800	25997602
45	855495	34633102
46	654708	34441202
47	811960	34320002
48	732409	32724202
49	608197	35259302
50	109540	4090702
51	95364	4918902
52	130406	3535202
53	139134	5969302
54	141871	3343302
55	307844	9241702
56	225584	8453902
57	304824	9514402
58	247202	9039702
59	313822	7888302
60	420131	15473402
61	441881	11130402
62	387318	21412202
63	411089	13817002
64	324148	11352602
65	555290	19069002
66	652402	20836502
67	682706	23937202
68	558791	24088702
69	544660	21927302
70	757681	28037802
71	725468	31825302
72	800171	27492402
73	651126	31077902
74	761476	27926702
75	160864	6141002
76	89598	7443902
77	190100	5514802
78	170364	7140902
79	171018	6999502
80	378583	9797202
81	446457	7847902
82	265662	9736602
83	285285	8817502
84	273562	10443602
85	435387	16109702
86	392966	18129702
87	444887	16937902
88	448439	16129902
89	497661	13110002
90	531738	24523002
91	644533	19877002
92	670038	21482902
93	559837	23684702
94	616087	20200202
95	559219	32209102
96	767905	29108402
97	812949	28522602
98	684432	30613302
99	593681	27078302
100	189135	7423702
101	277090	6534902
102	180909	6262202
103	154869	7161102
104	161364	5656202
105	340409	11665702
106	324576	12706002
107	282573	15018902
108	283367	12817102
109	406319	11807102
110	567330	14655302
111	501003	18170102
112	547089	13756402
113	562474	20341602
114	628557	11837402
115	660758	25533002
116	792349	22442402
117	512268	20260802
118	631616	21937402
119	494657	21998002
120	741961	25724902
121	617097	32633302
122	584527	25583502
123	733059	21058702
124	780913	25017902
