0	42103	1040502
1	25058	777902
2	25614	1333402
3	26407	1313202
4	30326	1555602
5	130636	3403902
6	125225	3393802
7	151855	4393702
8	140335	3545302
9	127801	3504902
10	313299	9282102
11	344083	10473902
12	341794	7110602
13	277748	13089802
14	261576	9211402
15	555753	12271702
16	438418	14291702
17	702470	14261402
18	639205	13847302
19	578154	12625202
20	918624	21897002
21	570588	22674702
22	599417	20765802
23	762849	22432302
24	646009	22048502
25	20763	990002
26	51141	1878802
27	16774	1404102
28	46979	1757602
29	46445	1818202
30	104774	4898702
31	157630	3565502
32	156658	4080602
33	154644	2747402
34	136569	3484702
35	272406	6090502
36	477523	7464102
37	286376	6130902
38	327727	8049902
39	371244	8060002
40	629697	14897702
41	590119	12837302
42	505102	11817202
43	529719	15483502
44	490284	15917802
45	904840	19392202
46	685132	23725102
47	817312	21089002
48	771650	19452802
49	695052	21139502
50	28093	2050502
51	22299	1222302
52	59552	1303102
53	53255	2949402
54	55969	2181802
55	171360	4110902
56	164909	2030302
57	177308	2676702
58	107431	4868402
59	177087	3111002
60	407672	7908502
61	341456	5928902
62	339720	10282002
63	317182	9655802
64	211199	7181302
65	401179	9150802
66	540939	12564602
67	612035	14322002
68	609457	12766602
69	454906	11675802
70	845323	16645002
71	711904	20685002
72	717899	18240802
73	682973	19170002
74	695576	22452502
75	56664	3282702
76	49888	2292902
77	113572	1909102
78	75468	2121202
79	74154	1161702
80	233506	5131002
81	186636	5747102
82	276624	3777602
83	150050	3737202
84	170055	4908802
85	476681	5373402
86	368418	7494402
87	332012	8827602
88	369690	7292402
89	381647	6161202
90	530227	11100102
91	605552	10342602
92	500945	10534502
93	536792	11150602
94	578242	11817202
95	596418	19493202
96	859981	11948502
97	870185	12413102
98	771617	16715702
99	604386	15271402
100	83488	3151402
101	119225	2535302
102	73731	1838402
103	42156	1969702
104	49905	2343402
105	137329	5827902
106	289713	5959202
107	295221	4514902
108	223141	6262202
109	233337	5484502
110	465582	9231602
111	467809	7736802
112	405462	5322902
113	500960	7151002
114	473303	5545102
115	541990	12938302
116	598807	11817202
117	521829	7645902
118	626512	9736602
119	497548	11352602
120	697151	14766402
121	735588	13887702
122	557856	14190702
123	825644	10857702
124	710296	12322202
