0	6728	11001324
1	9014	9501171
2	5219	10001222
3	5654	11001324
4	7116	10001222
5	63002	18002038
6	53978	18002038
7	63104	18002038
8	44480	19002140
9	57751	17501987
10	189451	24502701
11	247148	31003364
12	184692	28003058
13	162997	29503211
14	184425	24002650
15	412971	44004690
16	341320	42504537
17	549966	46504945
18	478818	45004792
19	407285	60006322
20	899112	52005506
21	557418	53005608
22	539775	52505557
23	744290	53005608
24	585314	52005506
25	8	19002140
26	923	15501783
27	27	15501783
28	763	17001936
29	50	14001630
30	27097	24002650
31	31372	28003058
32	41343	28003058
33	29193	31503415
34	26676	21502395
35	120391	39004180
36	192657	40504333
37	100071	41504435
38	162469	36003874
39	143504	43004588
40	465639	63006628
41	428634	58506169
42	322216	73007648
43	367736	65506883
44	315385	65006832
45	830477	58506169
46	623976	54005710
47	749121	56005914
48	656827	56505965
49	599611	56005914
50	0	16501885
51	0	14501681
52	0	14501681
53	0	15501783
54	0	20502293
55	12809	37504027
56	18836	42504537
57	28122	42504537
58	10508	36003874
59	26198	42004486
60	92771	75007852
61	92442	72507597
62	100255	76508005
63	111778	47004996
64	74921	46504945
65	245801	72507597
66	404267	79008260
67	400861	80008362
68	314886	69507291
69	225949	86008974
70	642157	58506169
71	612224	71507495
72	623582	55505863
73	585242	57506067
74	575326	55505863
75	0	24502701
76	0	18002038
77	0	25502803
78	0	24502701
79	0	19002140
80	2167	61506475
81	317	83008668
82	5576	59006220
83	1867	52005506
84	2651	68507189
85	81051	77508107
86	90584	92009586
87	64878	79508311
88	65539	69007240
89	77429	87509127
90	252033	69507291
91	314162	68007138
92	328204	75507903
93	278870	70507393
94	323772	70007342
95	495909	60006322
96	637036	59006220
97	680137	56505965
98	624069	57006016
99	450502	60006322
100	0	24002650
101	0	23002548
102	0	28503109
103	0	27002956
104	0	27002956
105	0	43504639
106	3437	86509025
107	0	84008770
108	971	76007954
109	0	82508617
110	165756	93009688
111	177208	84508821
112	98051	82508617
113	169707	93509739
114	73201	84008770
115	372949	80008362
116	326793	71007444
117	248518	77008056
118	298206	75507903
119	270201	70507393
120	472466	61006424
121	571066	61506475
122	399102	65506883
123	431339	68507189
124	567335	63506679
