0	6255	16501885
1	6842	14001630
2	4269	12001426
3	5417	12001426
4	5353	17001936
5	58651	31503415
6	51384	29003160
7	59893	30503313
8	41301	25502803
9	54062	26002854
10	185257	45504843
11	235867	54005710
12	180055	49005200
13	159615	43504639
14	174728	42504537
15	407961	77508107
16	335970	60006322
17	546376	59006220
18	478401	57506067
19	407069	72007546
20	898925	75507903
21	557025	73507699
22	539940	82508617
23	744291	73507699
24	585340	73507699
25	8	15001732
26	1023	13501579
27	27	12501477
28	847	14501681
29	50	18002038
30	24628	27503007
31	29053	28003058
32	34515	31003364
33	23846	32503517
34	23004	26002854
35	112243	45004792
36	185333	52005506
37	94829	43004588
38	156490	43004588
39	137418	58006118
40	463267	76007954
41	426537	73507699
42	321126	67007036
43	362092	70507393
44	308434	67507087
45	829829	69507291
46	623414	75007852
47	749320	78508209
48	656797	77508107
49	599271	70007342
50	0	18002038
51	0	13001528
52	0	15001732
53	0	13001528
54	0	16501885
55	9543	35003772
56	13059	31503415
57	24555	34003670
58	8448	29503211
59	20910	38504129
60	93282	51005404
61	91603	59506271
62	105961	65506883
63	102298	48505149
64	59438	51005404
65	244046	79508311
66	402766	74507801
67	400070	68507189
68	312638	67507087
69	225957	63506679
70	641233	81008464
71	611674	83508719
72	623445	78008158
73	585045	76007954
74	575630	84508821
75	293	18502089
76	0	13501579
77	0	17001936
78	0	19502191
79	0	16501885
80	18313	38004078
81	2274	34503721
82	4560	37003976
83	510	30003262
84	3200	42004486
85	74384	61006424
86	87947	74007750
87	59193	70007342
88	61698	52505557
89	79815	75507903
90	249201	74007750
91	312511	72507597
92	327506	72007546
93	276798	77508107
94	319647	78008158
95	495868	75007852
96	637256	77008056
97	680228	73007648
98	622589	74007750
99	449814	70007342
100	0	15501783
101	0	18002038
102	0	17501987
103	0	21502395
104	0	15501783
105	0	27002956
106	7322	47505047
107	2387	46504945
108	2658	42004486
109	5258	49005200
110	160412	82008566
111	175592	77008056
112	95286	73507699
113	173291	83008668
114	71404	62506577
115	371294	78008158
116	325863	74507801
117	246506	81008464
118	294260	77508107
119	270006	82008566
120	471682	78008158
121	570459	76007954
122	398378	73007648
123	431541	77508107
124	560848	79008260
