0	5988	6000814
1	6218	6000814
2	4286	6000814
3	5011	6500865
4	5283	7500967
5	58621	19502191
6	51416	22002446
7	60116	20502293
8	41246	20502293
9	54260	19502191
10	183348	28003058
11	235145	37003976
12	179407	43504639
13	158715	37003976
14	174504	32003466
15	408319	53505659
16	333408	54505761
17	547584	60006322
18	479065	51505455
19	407049	57506067
20	898994	78508209
21	556973	69007240
22	539776	74007750
23	744318	67507087
24	585350	68007138
25	8	500253
26	835	1000304
27	27	500253
28	482	2000406
29	50	500253
30	24976	13001528
31	26430	18002038
32	33626	23002548
33	22551	18002038
34	19642	12001426
35	112827	30003262
36	186330	41504435
37	92628	33503619
38	153776	31003364
39	133610	47004996
40	463758	71007444
41	426571	62506577
42	322541	65506883
43	363202	74007750
44	307621	64006730
45	830074	69007240
46	623711	62006526
47	749461	68507189
48	656736	73507699
49	599271	71007444
50	0	500253
51	0	500253
52	0	500253
53	0	500253
54	0	500253
55	9557	11501375
56	11933	6000814
57	16971	19002140
58	8001	6000814
59	21005	16501885
60	95208	40504333
61	91283	43504639
62	104054	58006118
63	103398	36003874
64	60582	33003568
65	246103	59506271
66	402366	69507291
67	400330	69007240
68	315040	81008464
69	228770	81008464
70	640852	70007342
71	611807	69007240
72	623602	60506373
73	584836	64006730
74	575373	66506985
75	0	500253
76	0	500253
77	0	500253
78	0	500253
79	0	500253
80	1557	2000406
81	344	1500355
82	1475	2000406
83	136	500253
84	284	500253
85	73667	46004894
86	88988	39004180
87	60256	36003874
88	57539	38004078
89	81985	51005404
90	251100	69007240
91	311881	61506475
92	326846	67507087
93	276236	63006628
94	318746	76007954
95	496313	56505965
96	637253	59506271
97	680347	56005914
98	622506	59506271
99	449647	68007138
100	0	500253
101	0	500253
102	0	500253
103	0	500253
104	0	500253
105	0	500253
106	1243	4500661
107	0	500253
108	232	500253
109	0	500253
110	165987	85508923
111	177732	72007546
112	98142	71007444
113	173342	84008770
114	72850	40004282
115	370904	70507393
116	326759	66006934
117	247017	83008668
118	294266	74007750
119	268064	85508923
120	471214	66506985
121	570614	61006424
122	397553	62006526
123	431373	65506883
124	562051	72007546
