0	6253	11001324
1	6182	10501273
2	4286	10001222
3	5624	12501477
4	5283	13001528
5	58258	29503211
6	52790	22002446
7	59796	23502599
8	41194	25002752
9	53988	21502395
10	183348	38004078
11	234661	50005302
12	179539	37003976
13	159315	39004180
14	174627	36003874
15	409010	62006526
16	334473	53005608
17	547025	57506067
18	479169	49505251
19	408800	60006322
20	898994	67507087
21	556914	75007852
22	539985	68507189
23	744318	70507393
24	585321	69007240
25	8	7500967
26	1023	9001120
27	176	8001018
28	554	11001324
29	50	11001324
30	26034	22502497
31	27879	24002650
32	34515	26002854
33	24792	29503211
34	19639	22002446
35	108850	47505047
36	183855	45004792
37	93449	50505353
38	154060	36503925
39	134596	41004384
40	462686	70507393
41	426658	61506475
42	321360	65506883
43	362429	71507495
44	308201	68007138
45	829995	66506985
46	623426	68507189
47	749625	72007546
48	656808	68507189
49	599576	71507495
50	0	8001018
51	0	8001018
52	0	8001018
53	0	9501171
54	0	8001018
55	9557	24502701
56	11547	22502497
57	19191	33503619
58	8106	22002446
59	20736	23502599
60	91671	51005404
61	90568	57506067
62	97918	62006526
63	104679	40504333
64	60794	40504333
65	244093	73007648
66	402085	76508005
67	400472	71007444
68	311541	69007240
69	223346	69007240
70	641369	70507393
71	611412	69507291
72	623443	68007138
73	584867	65006832
74	575372	66006934
75	0	9001120
76	0	9501171
77	0	12001426
78	0	10001222
79	0	10501273
80	3294	36003874
81	656	35003772
82	2445	29503211
83	136	25002752
84	898	37003976
85	72442	49005200
86	85415	56005914
87	58889	63506679
88	56964	46004894
89	79003	69007240
90	249413	69507291
91	312857	69007240
92	326515	72507597
93	274462	65006832
94	319626	77008056
95	496852	70007342
96	637533	65006832
97	680116	60006322
98	622519	65506883
99	449776	62506577
100	0	11001324
101	0	8001018
102	0	8001018
103	0	9501171
104	0	9001120
105	0	20502293
106	1655	38004078
107	0	32503517
108	1160	32003466
109	961	34503721
110	160814	62506577
111	175254	75507903
112	92824	67507087
113	168974	71007444
114	72060	63006628
115	370926	69507291
116	325468	77508107
117	246943	76508005
118	296267	75007852
119	267907	70007342
120	471525	75507903
121	570784	64006730
122	397524	75507903
123	431781	74007750
124	561886	69007240
