0	5988	1394608
1	6182	1561056
2	4286	1396729
3	5011	1206243
4	5563	1566106
5	58258	2007779
6	51293	2158774
7	59624	2778207
8	41065	1930716
9	53712	2650543
10	184086	2535908
11	234355	2554694
12	179433	2708113
13	157831	3693368
14	173020	4692965
15	408602	4093328
16	333836	3791237
17	546842	2978692
18	477859	2920112
19	408611	3907084
20	898925	3156250
21	556985	3344413
22	539940	2867996
23	744534	3616608
24	585357	3351180
25	8	758712
26	967	1084942
27	150	1486821
28	506	1939705
29	50	1351279
30	24253	3822244
31	26045	2608931
32	33975	2796993
33	23970	1680640
34	19648	2207658
35	110401	3289368
36	182944	2918294
37	91229	3377743
38	153112	2847089
39	132121	2980510
40	462453	3544191
41	427604	3320577
42	320547	4696096
43	361837	3285631
44	306985	3672562
45	829851	4365523
46	623449	3258361
47	749129	5245334
48	656713	4250787
49	599435	3572774
50	0	571862
51	0	635189
52	0	554995
53	0	590446
54	0	583477
55	10921	1532776
56	13199	1636907
57	19045	2224121
58	8238	1816889
59	21325	1927787
60	89286	3410366
61	88598	3839818
62	100350	2883247
63	101619	2635090
64	59652	2528434
65	244049	4637314
66	401890	2715789
67	399684	3274218
68	310676	3637414
69	223343	4098075
70	640916	3677814
71	611692	6201299
72	623463	3620648
73	585045	3694984
74	575690	3062825
75	0	602566
76	0	537522
77	0	586204
78	0	609737
79	0	670034
80	2217	2307648
81	997	1970207
82	1237	2045250
83	136	1702557
84	401	2096861
85	74045	3212810
86	84866	3806286
87	57126	3618527
88	58714	5274220
89	78041	3664482
90	249470	3869916
91	311477	3632970
92	326749	4221598
93	274806	4153322
94	317066	3901327
95	495765	3273915
96	637086	4622770
97	680138	3275430
98	622491	3479248
99	450064	4499853
100	0	581356
101	0	567014
102	0	592971
103	0	588426
104	0	547218
105	0	736795
106	1607	1913546
107	0	900516
108	1098	2445311
109	594	2370874
110	159970	2876480
111	175239	3997176
112	93501	3344413
113	169441	3787803
114	70840	3514699
115	371239	3854261
116	325508	4310276
117	247034	5621155
118	294513	3462684
119	267757	3502377
120	471810	4353504
121	570459	3077470
122	397163	3117365
123	431115	3495610
124	561693	2785479
